3.862031155993411735e-01
1.614335318781539463e+00
-4.003593229776925000e-01
-1.044350501383105589e-01
-3.932236349210211923e-01
1.982445556233492390e+00
1.392058917304866528e+00
-2.639658205544804570e+00
-8.221530905093974440e-01
5.432857734545326611e-02
-3.211682129879601666e-01
3.643885938661117763e-02
-4.321635655133986287e-01
2.867655985564342425e-01
2.131716125422804531e-01
-3.610534331026635235e-01
-1.614855864629151094e-01
1.624220318532807183e-01
-4.311439794643329160e-01
1.693556294882384350e+00
-6.961142404254018201e-01
2.296837715353328147e-01
4.579127398268184601e-01
-2.814440776693010626e+00
-1.776292440770614878e-01
-4.750001391887725410e-01
3.205207601086998981e-01
-5.621461044397643159e-01
-4.473683466698965550e-01
2.431325534030133739e-01
5.723046698369087526e-01
1.435451119360915850e+00
6.481206025090880951e-01
5.893967610387300660e-01
8.821011765454489506e-02
6.990801887534428549e-02
-3.681084201599059691e-01
1.051472769032327559e+00
-5.573059384992855581e-01
1.131165716834997337e+00
-1.575870899557285654e-02
1.775292797351086804e-01
2.958495157541045639e-01
-1.171177273112664063e-01
2.255463842146191444e-01
-5.587592799641396546e-01
-7.650803778381475295e-01
3.821584717868846681e-01
1.080437040976632623e+00
-9.811940346472635133e-01
-5.014295467958596042e-02
-8.856730557669285631e-01
-1.928709910664352378e+00
-2.699797280125164178e+00
-3.180696008324671586e-01
-1.959406258896283726e+00
4.604498634748413477e-01
-3.013239364210940074e-01
-2.505133959071459415e-02
7.317924848692786144e-01
-4.996805369147537812e-01
-6.789640234232180438e-01
1.148699652473160526e+00
-6.570017104148551113e-01
7.513311523870527808e-02
-3.678898538188950518e-01
-2.197938082728302378e-01
5.821738480767280066e-02
-2.745630927701095958e-01
1.196014706798556038e-01
1.956128202484458400e+00
5.967275271513131640e-01
-2.151460612220393864e-01
-5.610974435503767177e-01
3.056126379840905516e-01
5.385601516067493044e-01
1.217925783842966903e+00
-1.045610104221976311e+00
5.768721706795150173e-01
-1.648508965985594488e+00
-1.602748496048747029e-01
-4.551011615141042910e-02
-1.018809469206028995e-01
2.768511593935627513e-01
-1.069528365101134249e+00
-9.416936950972898401e-01
1.828591977086483078e-01
7.808950567820627242e-02
1.096700895831430600e-01
-1.137519115094629996e+00
4.702811152489827506e-03
6.324727764323093693e-01
3.062722784066620463e-01
-1.329274153760886978e+00
-5.389100932635005892e-01
-2.019544343633877581e+00
1.347235316337601629e-01
9.772657038538297147e-01
3.726239850614299076e-01
-7.693467852251218986e-01
-5.702475024442359430e-01
5.381859684467859006e-01
-1.993825349213695364e-01
3.903002206870369584e-01
1.252381228856559447e-01
2.006685524602925819e-01
5.012398834917948243e-01
2.434201856862000524e-01
-1.037813450535791659e+00
2.170982844203042106e-01
1.957663168091328398e-01
-5.259803118228610908e-01
-2.064093076405839056e-01
2.895522522560127765e-01
-4.846197784550518861e-01
1.392525409737112696e+00
2.331545001863261302e+00
4.506101974278420297e-01
3.285971819547442996e-01
-1.322212648291303805e-01
-5.746350684879375503e-02
-5.275368396325188503e-01
-2.006629842717327361e-01
4.159580500807148473e-01
5.181347448786636223e-01
3.205661430605594164e-01
-3.470370409861429917e-02
6.591386215774662771e-01
-7.384370824199737449e-03
1.390567605611238156e-01
-1.536784352574170898e-01
-5.126718573596490414e-01
-2.763448851315160049e-01
1.116862286292169992e+00
2.586179181237269198e+00
1.191500841980763781e+00
-3.351292813071766741e-01
-3.200119610295097949e+00
-2.205900221337070422e-01
-1.089423689657904037e-01
-3.219070408276424322e-01
1.282679123156146295e+00
-2.833857387600693389e-01
1.381916162113803193e-01
-9.128597264481230766e-01
-1.213736188791275650e-01
3.289563652499319368e-02
2.237014311267255806e-01
9.816614279736990412e-02
-1.505540614227182106e-01
7.100165189060680948e-02
4.179343521360046054e-01
-4.463720366835439296e-02
6.566870486804061713e-01
-9.342368371607179256e-02
-1.330125291154832246e-01
-3.090856727959855332e-01
-7.332004240081787527e-01
1.435182446881678731e-01
1.606124584749034856e+00
-4.731063067399413069e-01
-6.085627964616890928e-02
-3.142951296288423180e-01
8.280025590013009307e-01
6.624489915865856560e-01
8.610312401012649997e-02
1.557169982010066622e+00
-7.311532566364685737e-01
1.037082163321793704e+00
1.281823999075665244e-01
8.203582257181255555e-01
5.573002001719106202e-01
-4.087681232366497386e-01
1.628014488539326177e+00
1.981691107875035440e+00
-4.623886643407617014e-01
5.920417334907333018e-01
-1.889462106964834298e-04
2.255429117733639410e-01
-7.595642983151673633e-01
-9.621577686246476357e-01
-6.280436217594209669e-02
4.387060627213776320e-02
4.067592257241677833e-01
-3.230731380470065472e-01
5.509125735299009730e-01
1.227757378742398764e+00
1.041246055795512993e+00
-6.770725359387828046e-01
-1.170214003595268615e+00
2.124071379373539958e-01
1.294851206468992100e+00
-6.141083001054599144e-01
-3.391584361922601043e-01
2.265066471166697626e-01
1.299621245424048555e-02
-1.256231497182938306e-01
-1.817266762325154272e-01
-2.101957011436407785e-01
-1.240518669702838306e+00
3.968939369333424061e-02
-1.511942109283241908e-01
1.308823287211617004e+00
-1.043329170754846213e+00
-2.846226903798871333e-01
1.997003657242735208e-02
-9.355002517995686384e-02
3.269138783310332474e-02
2.625517165435332645e-01
-2.319408167374850116e-01
-5.608708242270867839e-01
9.458735523202410622e-02
-2.278988798512682212e-01
-8.618040397532023000e-02
-1.318202186998911118e+00
7.731663129019072933e-03
1.971687859774388096e-01
3.956710732592310098e-01
1.957503528177827468e-01
-8.458661688279031088e-01
-6.028675940210683759e-01
3.436609639774086400e-01
2.194780770209772136e-01
7.481063515895103322e-02
2.515414594139714355e-02
-3.999326459086903762e-01
-3.251602653213404026e-01
-6.032566164376368389e-01
1.708634233313286455e-01
1.626094626100844209e+00
9.407998902400540597e-01
6.923518361851710434e-01
-2.012150636221206046e-01
1.708146607801449557e+00
-3.493911515233887322e-01
6.474420869269609247e-01
8.855851151676930044e-01
-2.108098964920741558e-01
1.794699782467296334e+00
-5.190371942895262158e-01
6.653846988805998119e-01
3.042883350392411312e-02
5.557277687319879256e-01
-4.565504811649828687e-01
-4.099578213217000555e-01
-6.726017232672309998e-01
1.561894110316840667e+00
3.618016713256132499e-01
-7.647595748896307555e-01
6.867829235457689752e-02
6.369408703094342483e-02
1.406516743252124169e-01
1.495194760555054736e-01
1.501302273964549627e+00
3.759469008711008309e-02
3.886201476578170499e-01
2.350598248534907508e-01
-4.044118473479442755e-01
-4.581389019164904264e-01
1.378876711222454032e+00
1.619511926248657030e+00
1.116980273507064858e+00
1.018701449908527845e-01
-1.192478183601231478e+00
3.047345237234095339e-01
