
0 24.44704 1.313871 9.582159
1 24.383229 1.526711 10.458348
2 38.657879 4.780673 10.579492
3 31.685869 2.04294 10.241071
4 24.466611 2.652562 9.093322
5 24.375982 4.461255 9.757723
6 45.588253 3.604401 10.67436
7 45.370702 2.389221 10.005715
8 53.47497 6.939274 11.985187
9 24.439318 5.773384 10.218058
10 24.638708 3.079671 9.65125
11 60.229687 3.428202 10.75187
12 77.993222 6.774416 12.688798
13 45.532091 3.862907 10.416924
14 70.18678 6.071898 13.637062
15 30.780987 4.249539 10.285503
16 60.348515 4.592741 13.303534
17 24.486571 2.04827 8.753745
18 30.645645 3.564834 9.474068
19 69.071959 4.902316 11.669684
20 73.152295 7.356141 12.555239
21 24.062464 2.955175 8.99073
22 39.086497 6.740676 9.598983
23 46.041662 5.056807 10.987498
24 53.260663 4.790437 11.132897
25 67.897339 4.649539 12.295749
26 38.53075 4.046462 10.392478
27 75.497271 6.293437 12.539326
28 23.991187 3.362945 10.032566
29 46.175641 5.179486 10.588311
0 54.013548 -1.654561 11.255585
0 46.513548 -0.856562 11.553929
1 39.023649 4.481846 15.529513
2 46.605597 5.595774 15.561959
3 46.113121 3.920145 14.968487
4 60.977907 5.682739 16.727857
5 39.182889 9.366287 16.88365
6 46.513548 4.30987 15.903343
7 94.852506 6.028938 18.387458
8 54.094638 6.344759 17.055615
9 54.241098 8.449133 18.434821
10 46.513548 5.612232 16.605317
11 61.513548 8.982916 17.791874
12 54.194865 7.480216 17.496021
13 46.513548 7.278554 16.989962
14 31.616678 4.723495 15.496931
15 54.2699 7.792476 17.175247
16 31.671054 6.241694 15.863036
17 54.011039 3.388117 15.801437
18 46.694865 5.854125 16.221195
19 61.483843 9.356912 17.794504
20 46.518586 6.79414 16.744183
21 54.156456 6.122635 17.160615
22 61.513548 5.75845 17.772831
23 54.013548 4.112084 16.798552
24 39.013548 1.692356 14.891688
25 54.013548 14.694638 19.376707
26 61.7699 11.931531 19.117056
27 46.513548 9.092223 18.222831
28 39.059829 11.082364 18.387624
29 61.513548 8.470964 18.408012
0 31.639214 -4.141494 6.507228
1 31.679917 -3.985781 6.609856
2 16.7699 -4.647267 4.536624
3 16.7699 -5.121824 3.374287
4 31.513548 -5.253709 3.861759
5 38.983843 -3.237933 9.094286
6 39.2699 -4.007368 7.797063
7 39.013548 -3.064655 9.070981
8 31.679917 -3.122142 8.182234
9 31.513548 -3.972769 5.912513
10 31.741098 -3.782709 6.998226
11 31.659358 -2.585067 8.289984
12 31.679917 -1.846036 9.145663
13 61.513548 -0.160954 12.94987
14 31.679917 4.068326 11.557175
15 54.2699 5.195036 12.572491
16 39.174 2.251224 11.665327
17 61.679917 4.089138 15.852416
18 54.075744 3.93541 15.47212
19 94.785064 2.83328 15.856122
20 54.179917 2.974178 14.8382
21 38.609759 -0.677492 11.562672
22 39.013548 2.361785 14.241794
23 61.679917 3.500477 17.105448
24 46.546757 2.882995 14.513538
25 46.7699 1.327003 13.424178
26 94.785064 7.772953 19.460951
27 61.513548 4.363744 16.920626
28 39.013548 3.14348 14.720795
29 39.059829 2.62274 14.030993
0 31.513548 -2.806067 8.457407
1 46.521114 -3.106146 8.905229
2 39.013548 -2.1866 9.420372
3 61.533853 -2.257637 10.752713
4 31.513548 -2.913926 8.244031
5 31.513548 -4.051915 6.241799
6 31.570411 -4.077794 6.511236
7 31.671054 -3.399524 6.726145
8 31.513548 -4.043036 5.99252
9 39.179917 -3.486138 8.324512
10 39.013548 -2.491015 9.35097
11 54.038995 -1.605696 11.611457
12 94.790514 1.909373 17.901536
13 54.179917 2.255674 14.949858
0 31.575744 -3.181254 6.642042
1 31.575744 -2.651702 7.196984
2 31.575744 -0.341604 9.686549
3 31.674 3.636833 11.964714
4 46.518586 6.740285 13.274851
5 46.518586 8.456653 14.382358
6 46.518586 11.725183 14.881324
7 54.2699 14.175775 16.315118
8 54.2699 14.400511 17.244346
9 54.2699 16.406293 17.29634
10 54.2699 16.694396 18.04673
11 54.2699 16.482191 18.652088
12 54.2699 18.577068 18.384122
13 54.2699 17.816319 18.292036
14 54.2699 18.585765 18.258581
15 54.2699 18.49337 18.368956
16 54.2699 19.102599 17.849847
17 54.2699 19.394321 17.402219
18 54.2699 18.876737 18.02067
19 54.2699 20.01467 17.684159
20 54.2699 16.954147 18.913652
21 54.2699 17.836701 19.174021
22 54.2699 18.622804 18.905488
23 54.2699 20.629342 18.398113
24 54.2699 21.207232 18.164608
25 54.2699 19.662618 19.051976
26 54.2699 21.294136 18.420242
27 54.2699 19.396112 19.354377
28 61.7699 18.929774 20.156607
29 61.7699 21.479555 20.010538
0 46.760207 -0.189195 12.134045
1 46.760207 2.411319 13.296688
2 46.760207 6.294679 14.442287
3 46.760207 11.619275 14.436407
4 46.760207 15.369681 14.295963
5 46.760207 18.544262 14.307465
6 54.2699 21.890209 14.621924
7 54.2699 23.016116 15.474274
8 54.2699 22.215374 15.724283
9 54.2699 24.463052 13.811083
10 54.2699 23.71149 15.133492
11 54.2699 24.574922 15.082146
12 54.2699 21.928553 16.691779
13 54.2699 21.236788 18.015964
14 54.2699 22.395615 16.769169
15 54.2699 21.060406 17.514086
16 94.852506 23.006279 19.374775
17 94.900134 23.646127 20.786267
18 94.900134 24.199564 20.616865
19 94.900134 24.592536 20.091391
20 94.900134 23.712126 21.540055
21 94.900134 25.070455 20.328029
22 94.900134 24.555571 20.897752
23 94.900134 26.941009 19.956302
24 94.900134 22.402654 22.268444
25 94.900134 28.058181 19.004633
26 94.900134 27.52851 19.533298
27 94.900134 24.62353 21.680898
28 94.900134 25.748701 21.206311
29 94.900134 25.922562 20.551797
0 46.518586 -0.47668 10.371367
1 46.7699 4.559219 12.828289
2 46.7699 9.104046 13.645266
3 46.7699 12.9214 13.45299
4 46.7699 14.683257 13.746613
5 46.7699 15.42587 14.693423
6 46.7699 18.715681 13.906356
7 46.7699 16.826909 16.254983
8 46.7699 19.045741 16.447797
9 46.7699 23.951232 15.201206
10 46.7699 23.89594 15.596252
11 46.7699 24.673563 14.864052
12 47.101837 24.500935 15.925436
13 61.513548 25.438398 15.758486
14 61.513548 23.792194 17.030966
15 61.513548 25.447435 17.257546
16 61.513548 26.048578 16.634319
17 61.513548 25.276441 17.923473
18 94.785064 25.159894 20.273496
19 94.785064 25.543745 19.558372
20 94.785064 31.273539 15.232054
21 94.785064 31.277033 14.919308
22 94.785064 30.315681 16.897681
23 94.785064 29.640812 17.87499
24 94.785064 31.347385 17.056112
25 94.785064 28.567608 19.617802
26 94.785064 28.664445 20.181594
27 94.785064 28.710396 20.777893
28 94.785064 30.583978 19.432835
29 94.785064 27.15796 22.425202
0 31.858093 2.376891 9.690744
1 31.858093 7.015081 9.52843
2 31.858093 11.158346 8.865558
3 31.858093 12.285165 8.748416
4 31.858093 14.096212 7.730824
5 31.858093 13.005042 9.22245
6 46.277424 15.526136 8.612645
7 46.277424 14.844454 9.914448
8 46.277424 14.975549 9.792377
9 46.277424 13.957458 11.665029
10 70.787447 15.632523 12.546957
11 70.787447 16.814541 12.132197
12 70.787447 18.724197 11.04807
13 70.787447 16.098019 13.561818
14 70.787447 16.868286 13.247759
15 70.787447 18.725614 13.730586
16 70.787447 19.15383 14.657908
17 70.787447 18.820117 15.857312
18 72.267975 21.569705 16.591183
19 72.267975 19.083651 18.342534
20 72.267975 20.821753 17.090328
21 72.267975 20.375175 17.276123
22 73.738253 22.291509 17.006606
23 73.738253 22.477645 16.954029
24 73.738253 21.705166 17.76876
25 73.738253 22.193558 17.626835
26 73.738253 23.290348 17.040044
27 73.738253 22.787994 18.28433
28 73.738253 22.106145 18.728884
29 73.738253 24.429653 18.320741
0 31.636369 2.57437 8.839333
0 61.163174 4.504812 11.389974
1 61.163174 7.995791 11.402497
2 76.33528 13.378529 13.0825
3 76.33528 16.032233 12.463883
4 76.33528 17.857 10.719683
5 76.33528 18.3312 12.136215
6 76.33528 19.009906 11.800163
7 76.33528 17.262349 13.540583
8 76.33528 20.623313 12.148704
9 76.33528 19.190413 13.731948
10 76.33528 19.53291 13.492421
11 76.33528 18.465581 14.808296
12 76.33528 17.933553 15.850392
13 76.33528 19.127725 15.454358
14 76.33528 20.968394 16.097864
15 76.33528 20.851438 15.993927
16 76.33528 22.05202 16.28493
17 76.33528 21.188348 17.107075
18 76.33528 20.419863 18.504873
19 76.33528 20.846164 18.384785
20 76.33528 20.2564 19.882705
21 76.33528 23.444591 19.741676
22 76.33528 22.978857 20.377284
23 76.33528 23.748945 20.112979
24 76.33528 24.931032 20.649449
25 76.33528 24.874465 21.709823
26 76.33528 24.409463 22.478641
27 76.33528 27.394102 20.648872
28 76.33528 27.065626 21.812024
29 76.33528 26.164476 23.179786
0 46.513548 -0.793053 11.375887
1 46.518586 6.593942 15.344429
2 46.782972 13.599397 15.548117
3 46.782972 16.964163 15.171835
4 61.7699 20.762034 16.398371
5 61.7699 23.726831 15.79437
6 61.7699 23.999877 16.082095
7 61.7699 25.810607 15.871467
8 61.7699 24.571131 16.694346
9 61.7699 25.549293 16.336649
10 61.7699 26.666499 16.803389
11 61.7699 24.974312 18.293937
12 61.7699 25.510748 18.041509
13 61.7699 26.162411 18.521375
14 61.7699 26.250546 18.82428
15 61.7699 24.459805 20.383523
16 61.7699 24.401444 21.000617
17 61.7699 24.01074 20.800151
18 61.7699 27.876986 18.119677
19 61.7699 26.535905 19.910349
0 61.679917 -1.475181 11.746992
1 61.679917 -0.276857 12.727888
2 61.679917 1.901883 13.775247
3 61.679917 2.525901 13.984195
4 61.679917 5.361008 15.227427
5 61.679917 9.398157 16.083747
6 61.679917 12.317784 15.68172
7 61.679917 13.695842 15.804893
8 61.679917 15.562276 15.996872
9 61.679917 16.914677 15.846154
10 61.679917 19.302957 15.400933
11 61.679917 20.947144 14.617794
12 94.900134 22.70068 15.929312
13 94.900134 25.067964 15.00737
14 94.900134 24.765477 16.664223
15 94.900134 27.409656 14.353055
16 94.900134 27.512811 16.061287
17 94.900134 28.753311 15.669067
18 94.900134 29.208851 15.514411
0 39.127882 -1.797579 10.554241
1 39.127882 0.680702 12.990897
2 46.518586 4.197405 15.633213
3 46.518586 5.396698 15.82164
4 94.785064 8.803901 18.492819
5 94.785064 10.014419 18.526996
6 94.785064 11.282863 18.38056
7 94.785064 13.074128 17.988541
8 94.785064 14.412107 17.495475
9 94.785064 16.257927 17.395135
10 94.785064 18.789863 16.485667
11 94.785064 19.981365 16.59514
12 94.785064 21.716756 16.888247
13 94.785064 24.005309 15.745941
0 82.428895 2.764149 13.530978
1 82.428895 6.182665 14.721118
2 82.428895 8.733427 14.159131
3 82.428895 11.776199 14.248319
4 82.428895 14.186947 13.534966
5 82.428895 16.232936 12.814881
6 82.428895 17.678784 12.272
7 82.428895 19.426071 11.643655
8 82.428895 18.315624 13.009317
9 82.428895 20.045283 13.527685
10 82.428895 20.130139 13.424232
11 82.428895 18.577304 14.913501
12 82.428895 19.408398 14.248302
13 82.428895 20.049529 14.044345
14 82.428895 20.686195 13.73265
15 82.428895 21.352584 13.263156
16 82.428895 21.540608 13.819515
17 82.428895 22.104522 13.394246
18 82.428895 22.51492 13.220235
19 82.428895 20.815527 14.850744
20 82.428895 21.282552 14.329631
21 82.428895 21.591251 14.287863
0 24.996054 -0.98591 7.32577
1 24.996054 0.082047 7.591711
2 24.996054 0.446147 7.731448
3 24.996054 1.826398 8.319691
4 24.996054 2.400077 8.283277
5 54.629362 4.177778 9.673653
6 54.629362 6.111228 10.748607
7 54.629362 6.488354 10.538556
8 54.629362 8.323528 11.55881
9 54.629362 9.253682 11.710088
10 54.629362 9.961591 12.586447
11 54.629362 11.71518 12.952826
12 54.629362 11.703099 13.188057
13 54.629362 13.23266 13.071628
14 54.629362 14.238026 13.786896
15 54.629362 15.217632 13.574785
16 54.629362 15.817388 13.440626
17 54.629362 16.532118 13.444815
18 54.629362 16.784594 13.387392
19 54.629362 16.341521 14.055612
20 54.629362 18.244869 13.078174
21 54.629362 18.588397 13.531708
22 54.629362 18.850803 13.482919
23 54.629362 19.226272 13.004021
24 54.629362 19.591492 13.472606
25 54.629362 19.954182 13.694225
26 54.629362 21.627485 12.477511
27 54.629362 20.327162 14.244952
28 54.629362 21.000178 13.812303
29 54.629362 20.459781 14.521692
0 37.812343 1.282138 9.723624
1 37.812343 4.643283 10.614295
2 37.812343 7.192537 10.551643
3 37.812343 10.695579 9.54951
4 37.812343 12.892919 9.470498
5 37.812343 13.021529 10.568562
6 37.812343 15.62786 9.273868
7 37.812343 16.940986 8.527658
8 37.812343 18.948247 7.189293
9 37.812343 19.337823 8.080446
10 37.812343 21.536696 4.766925
11 37.812343 19.655753 7.537623
12 37.812343 20.8244 5.936328
13 37.812343 21.225999 5.466881
14 37.812343 20.123416 7.110612
15 37.812343 20.576041 6.30139
16 39.21004 20.640019 7.13305
17 47.061716 20.526625 8.151215
18 47.061716 21.436547 7.289554
19 47.061716 21.931878 6.109478
20 47.061716 21.87872 6.253786
21 47.061716 21.799181 6.702739
22 47.061716 20.629007 8.752831
23 47.061716 20.633524 8.643961
24 47.061716 21.445855 8.263493
25 47.061716 22.426209 6.542755
26 47.061716 20.983933 8.960638
27 47.061716 22.209309 7.115298
28 47.061716 21.577204 8.548586
29 47.061716 21.690785 8.525587
0 48.070411 0.418827 10.046841
1 48.070411 2.648101 11.175666
2 48.070411 3.686639 11.219071
3 48.070411 4.802935 11.147592
4 48.070411 5.725803 11.3507
5 48.070411 7.315142 11.631628
6 48.070411 8.811623 11.53209
7 48.070411 9.046715 11.336006
8 48.070411 10.362707 11.056154
9 48.070411 11.725309 10.61387
10 48.070411 12.561177 10.633071
11 48.070411 13.644626 11.079041
12 48.070411 15.343313 10.806999
13 48.070411 16.121416 10.320981
14 48.070411 16.575069 10.498622
15 48.070411 17.914164 9.756625
16 48.070411 18.748743 8.853282
0 74.02678 3.667864 14.411732
1 74.02678 6.076708 15.20713
2 74.02678 7.898896 14.978187
3 74.02678 9.518882 14.575519
4 74.02678 11.285709 14.555628
5 74.02678 12.236909 14.287817
0 39.125069 1.14842 9.989118
1 39.125069 2.671576 10.318939
2 39.125069 3.345484 10.269277
3 39.125069 4.547685 10.408806
4 39.125069 6.166833 10.582078
5 39.344008 7.483606 10.764576
6 39.344008 9.334263 10.285365
7 39.344008 10.469956 9.549235
8 39.344008 11.968505 9.542182
9 39.344008 13.13987 9.569127
10 39.344008 13.581522 9.980852
11 39.344008 14.573561 9.45615
12 39.344008 15.546175 9.233039
13 39.344008 16.662442 8.419211
14 39.344008 17.774143 7.566573
15 39.344008 18.376263 7.07386
16 75.04678 19.120711 9.579756
17 75.04678 20.41099 8.457493
18 75.04678 20.962954 8.320465
19 75.04678 21.698761 7.801076
20 75.04678 21.596579 8.546506
21 75.04678 21.877398 9.076249
22 75.04678 22.395199 7.756893
23 75.04678 22.865316 7.397866
24 75.04678 22.60179 7.82042
25 75.04678 22.779752 7.59281
26 75.04678 22.867065 7.627132
27 75.04678 22.603454 8.206732
28 75.04678 22.255138 8.803353
29 75.04678 23.865097 7.290835
0 47.027394 2.915082 10.610552
1 47.027394 5.455758 10.489665
2 47.027394 8.50341 10.522064
3 83.575241 11.702224 12.101208
4 83.575241 13.247813 12.615298
5 83.575241 14.698045 12.11864
6 83.575241 16.164879 11.430359
7 83.575241 17.749258 10.673933
8 83.575241 19.173469 10.026998
9 83.575241 19.046175 11.178342
10 83.575241 20.402271 10.237036
11 83.575241 21.841659 8.964632
12 83.575241 21.424078 10.114296
13 86.571828 22.425883 11.85467
14 86.571828 22.088188 12.708206
15 86.571828 23.427996 11.080646
16 86.571828 23.273743 11.232749
17 86.571828 23.692799 10.934356
18 86.571828 22.81507 11.960642
19 86.571828 22.199006 12.551463
20 86.571828 24.336372 10.804454
21 86.571828 22.980033 12.24456
22 86.571828 23.088512 12.478182
23 86.571828 23.194824 12.462313
24 86.571828 23.339873 12.80685
25 86.571828 22.97076 12.929918
26 86.571828 23.402855 12.536003
27 86.571828 23.314475 13.007217
28 86.571828 24.764809 11.307269
29 86.571828 23.875279 12.986846