-3.402271401206045098e-01
2.500341071504282864e-01
-1.678685801229465424e+00
7.342802508682377827e-02
-4.481418659506368751e-01
8.470654862642139626e-01
-4.316499594973820519e-01
6.542516461751097800e-01
4.293608961807744429e-01
8.671989946298468421e-01
8.549880278981014659e-01
4.429004673851539842e-01
7.990580152401156599e-01
-2.406261888574827701e-01
3.455351756035098809e-01
4.441995433496037649e-01
2.386125151101924358e-01
-1.783620855387647031e-01
1.385888044670394947e+00
1.190632153261115489e+00
1.287850372168286572e+00
8.879488025636517179e-02
-7.532319981169461887e-01
3.194384597573440843e-01
7.972216270339318456e-01
9.404415362154916469e-01
-2.551937498354429623e-01
1.615697202369548169e-01
-8.208913884700308472e-02
5.012081507689776227e-01
-7.830684001585377363e-01
5.418357519922163412e-01
-2.813042076418363902e-01
7.367097319209277018e-01
-1.062641111802380633e+00
3.869665770143371208e-01
-7.743570925051972420e-01
-2.181771532536701530e-01
-1.222200527233194833e-01
2.720407500918140542e-01
3.259594753563562763e-01
-7.016765477253569250e-01
-4.238829835212021280e-02
9.575201101813874960e-01
-1.263601032712378336e+00
8.111103241456212309e-01
7.777549390385012362e-01
-6.734624907364659130e-01
-1.522176477237142667e-01
-9.868474203458841298e-01
-8.256856404978221153e-01
9.251885819112550813e-01
9.793157735172972611e-01
5.381719376390621257e-01
-6.993556666016005341e-01
-3.082257995112847038e-01
1.457569567176081549e+00
8.498861213383612778e-02
9.159408594433553485e-01
-1.134005332201726279e-01
-1.033535575763750325e+00
-4.900099078894304405e-02
-8.849257698169488151e-01
-3.499288315007547112e-01
-8.247606345304707709e-01
-1.230472969734382471e-01
-1.426026124457948629e-01
-8.110607057768175476e-01
-3.771139235822473790e-01
5.935385444704741609e-01
2.531197111627256469e+00
-9.086379689635752932e-01
-2.170093967485027808e-01
-5.530937031768807799e-01
5.879463235856505765e-01
8.195512000234745909e-01
4.394385635714064264e-01
-6.521089505204680226e-01
-9.900579828193034615e-03
7.912713184767821151e-01
3.971405082071757242e-01
7.664114487170858858e-02
-1.182140470198719040e+00
-7.547735182655725961e-01
-1.281773179077390079e-01
-1.712370187427720847e-01
-6.417944979597289823e-02
-6.519410578334579043e-01
1.665899782775376536e+00
1.241984684129442629e+00
5.590520030664059004e-01
1.505381738446329720e-01
-3.083485694699763524e-01
-3.497199733912903508e-02
4.847579468330598385e-01
-3.068530395857445026e-01
7.691717756523175353e-01
7.856091368767130767e-01
1.165448251534788593e-01
6.168700469163495015e-01
9.322406840211070467e-01
3.843047555552105421e-01
-4.869364566396239269e-02
1.499528657041977464e-01
-1.113386443058916875e-01
-6.998099136395063979e-02
-8.049474072475455433e-01
-3.061443377989414572e-03
1.437105549583591824e+00
-8.495301329135811486e-01
3.411878357646862536e-01
-7.445079475821743120e-01
1.484857448126538637e+00
1.750940437612529266e+00
5.820770560378631941e-01
4.868333058139828751e-02
-5.970075840369344355e-01
1.312349186633219089e+00
8.340897061885810260e-02
3.230474828490250694e-01
5.997191417013992831e-01
-5.198516103241717090e-01
-6.863533433075230672e-01
-2.894829103645337742e-01
1.294452209761707495e+00
-8.327732907453639921e-01
1.092068852095353204e+00
9.819285656905267778e-01
4.809640708803603060e-01
-5.231582055536927456e-01
-1.919308151650236383e-01
-2.926219521153063940e-01
-8.629991053478274221e-01
-1.404182789276704479e-01
5.527922310735198241e-01
-5.135502553856794439e-01
5.493685059068242893e-02
3.056260128681982380e-01
-7.349508431900531047e-01
8.930548849846609016e-02
4.859810599156646482e-01
9.112046648963376683e-01
-3.770088654177541354e-01
-8.582609443188542464e-01
1.784747758953628693e-01
-3.870796844071233700e-01
-6.640499095470759894e-01
-5.596263659097253651e-01
-2.535696706722450067e-01
-5.036068809523792655e-01
3.164150928592996959e-01
-2.812117745554463255e-01
8.674556978103507010e-01
-5.792253019271698111e-01
-9.771584773147683478e-01
-1.832294275888579627e-02
-4.146470337366383596e-01
5.959661134616542899e-01
7.559373046373010219e-01
5.850083826858312186e-01
-7.476426465980345881e-03
-1.216932980776183726e+00
-5.786208217772104145e-01
-3.709392308586512144e-02
-1.651300025551538653e-02
-2.777432674473283569e-01
-2.590610574076115391e-01
7.142966035048801121e-01
-6.860573628967969739e-01
-1.127390056274642394e+00
-1.234882130641881570e+00
-4.639123201592703083e-01
-2.922780467826037176e-01
1.225663388552561628e+00
-5.390812738398154114e-01
8.583732395786624059e-01
-7.735202583815344868e-01
1.207659366636459675e+00
-3.256216055759719730e-02
1.636900634288984691e-02
-2.836999895570121444e-01
7.551004770220111073e-01
4.980889066819264022e-01
8.118011213518065983e-01
8.068569160057692535e-02
-3.017827798249677063e-01
-4.104152222075136969e-01
-4.510799731442660665e-01
3.744115520899009564e-01
2.907459889408727793e-01
-6.112613738848597933e-01
-8.226692057188933482e-02
-1.500153967428862201e-01
1.280403766692234380e-01
1.843873073211391711e-01
-1.574487294731623743e+00
1.386546498222951396e-02
2.654662213685373695e-01
-2.639827315320875112e-01
6.080529869656069453e-01
-2.285264835693501251e-02
3.507256843351010955e-01
-5.517972634894161565e-01
3.223802715337185099e-01
1.661534023436879171e-01
9.531475633572816797e-03
5.918629073206425201e-02
-1.554071666321858780e+00
1.434168171240337575e-01
7.745902015641882299e-01
-1.295665157629698472e+00
-5.686482031543116378e-02
2.341737896619020542e-01
-5.346191154323609585e-02
-1.174153633951667830e+00
-4.166285980155037816e-02
2.128996734779045052e-01
-2.260869935495124494e-03
-7.461960217951337793e-01
-1.467374208619547371e-01
-1.107311921337864380e+00
4.693117613356404538e-01
2.844027296441453245e+00
1.181741598618679667e-02
6.933089207387954644e-02
-1.100348765805009288e-01
1.800073659278238480e-01
-2.325666423326554488e-01
5.452788041024257959e-01
-1.329645881448819345e-01
-7.031313622156021292e-02
5.173663508073370609e-01
-6.921767660190019100e-01
8.298711149604230952e-01
-4.419528498761573498e-01
2.439311187064798769e-01
1.177413195756642772e-01
-2.259669743336595316e-01
2.153398913253535829e-01
3.826465062146389151e-02
4.204028373861791179e-01
-1.443354716245914826e-02
1.072666656142581942e+00
-2.500367045094482599e-01
-4.042609192106094707e-01
6.786166503329811306e-01
-1.622093220297604610e+00
7.844134185990727648e-01
1.302041702854936922e-01
-2.958780416211657105e-01
9.461895571723721865e-02
8.466520739063267964e-01
-1.304270013166934916e-01
4.758128293744514625e-01
1.914690377397291199e+00
-9.368914371074599234e-02
1.836359733775834169e-01
4.156795192201546141e-01
1.791299547419217264e-01
-2.479026266533592704e-01
-1.087647855342265935e+00
-1.243114866216014081e+00
7.222157853681182571e-01
3.802598147738112111e-02
-3.569100519517041104e-01
