1.446920576263687419e+00
-1.080727835151847005e+00
-1.778247370795179361e+00
2.143579499976776326e+00
8.604235376890011500e-01
3.682199635534385562e-01
1.637578562387689507e+00
-1.022848466737325657e+00
2.831400851965498178e-01
1.188780271149272538e+00
3.952061150124986377e-01
9.671940620026662216e-01
-1.967576355955274359e+00
1.376143806599929853e+00
1.504691073286763547e+00
9.408827037373150848e-01
-7.350658900619693181e-01
-1.502889327192031388e+00
5.660206486370927825e-02
-1.213148263440207986e+00
-1.926826180921817899e-01
-8.190410095467021145e-01
2.299745088139550919e+00
-2.786124778780483258e-01
-1.534538416160045937e+00
-1.495033488768827468e+00
-1.330683480270400398e-01
-7.410738833921325375e-01
-7.182199447935688763e-01
-1.243380359656908185e+00
-5.575535446452636323e-01
-9.685525146450781886e-01
1.620413747978409091e+00
8.827805875882669406e-01
1.963222702417082299e-01
-9.870433100575576324e-01
-1.075929088344779183e-02
1.766535177029598724e+00
1.020419893844621839e-01
-1.406961485804162360e+00
1.970543021923649940e+00
-6.829851363169811007e-01
-3.680672743893209642e-02
-4.632296529540661512e-01
2.088169204678447799e-01
1.189118037960387841e+00
-3.678359797366845818e-01
7.651248970207625844e-01
-8.621419888161913070e-02
-7.641378044338200670e-01
6.778565479454701226e-01
-4.259810713642507851e-01
1.272363360203467297e-01
-6.259200632043453449e-01
-1.134683860253810517e+00
-4.592043150866415013e-02
-2.567188680851337779e-01
-1.259918680120186707e-02
4.735377196159655799e-01
1.884320071464756330e+00
1.576460855780955406e+00
2.351047626964179460e-01
-6.610559316613912051e-02
1.799375542698810504e+00
-5.478500127904971650e-01
-2.221712837030096921e+00
-8.807332988462872603e-01
2.830416187178130816e+00
1.947708797159989347e-01
7.048795587865075429e-01
-2.537793648901160104e+00
7.296449196985466124e-01
-2.393449222990553515e-01
-2.454605101118011445e-01
8.975808723841489645e-01
-6.310958159894951569e-01
9.311216197275804518e-01
1.783644819513115376e+00
2.328304497543394747e-01
1.115611289644578008e-01
2.289799189913560573e-02
1.064593141452120584e+00
-5.888336412019447019e-01
2.995965687654078002e-01
-1.136889583430831019e+00
-3.845741797118673588e-01
-1.599367466929618731e-01
-1.804693022214861831e+00
-6.068952043880658787e-01
3.033730117189575859e-03
-1.204685249889494658e+00
-6.457604630132676160e-01
5.082119544518870491e-01
-7.065841519562578998e-01
3.177900177944306681e-02
1.692374605495461815e+00
2.018796298999720129e+00
-7.599104882396932048e-01
-4.332011287456667414e-01
-4.292819331556048112e-01
-8.141601587777758109e-02
1.704739805611580561e+00
1.117940845290525065e+00
8.778264638236195072e-01
-1.460004604254240057e+00
-3.521729489172222838e-01
8.765830184946310499e-01
4.121506805420213082e-01
-8.245563353482620039e-01
-1.119364651190292159e+00
-4.702347543221834236e-01
-6.021333875546759362e-01
-6.859776856078907414e-01
-8.621261839912048863e-01
-1.182326452910893888e+00
-9.106397520368260112e-01
1.520668150572621613e-01
1.022178341039305938e-01
-8.984135357905898012e-02
3.442295814627623352e-01
1.252827214379021559e+00
-8.509367666035194677e-01
-1.336480407689659700e+00
-2.925495790965555454e-01
4.383175638194634072e-01
1.464704995130589049e+00
6.248693403042004935e-01
-1.442396685102617759e+00
-1.303023724099107161e+00
1.824959735168686370e-01
-9.232022051962145426e-01
-3.990982952487408530e-01
-3.562186651319815267e-01
-7.091242236312220171e-02
-1.929224507871365457e-01
-3.474015556857163456e-01
-2.463743222034975311e-02
7.305643176597682587e-01
2.810248881731319148e+00
8.278753824997646671e-01
-3.907788125896083375e-02
-8.674569619626817385e-01
9.336001413167567264e-01
-8.060660263245068569e-01
6.367630727508428734e-01
1.344981051798082028e-01
7.345142360638198253e-01
-1.078048411465969192e+00
2.024656438619137633e-01
2.021119658860745183e+00
2.566675393073670097e+00
1.525496526166266742e-01
-9.906964276294486504e-01
1.286393985653765393e+00
-1.013351707234247723e+00
8.311866264605278776e-01
-3.976181558203659705e-01
-1.017531883214459754e-01
3.627760148347591862e-02
-1.776906059885035027e+00
3.312853846573349248e-01
3.699797010164540545e-01
-5.042690162699677847e-01
-1.269110053980392339e-01
-2.507593510286950655e-01
-4.527069820652988019e-01
1.034562004226082577e+00
2.291041943169235040e+00
-2.273521028966783153e-01
2.060972267594755269e+00
-3.067152873347511743e-02
-3.998438436846613597e-01
5.795143455038342939e-02
1.217478152762690335e+00
1.298884432274907408e-01
-6.502425839504759608e-01
-2.095369479989016348e+00
8.982356641572799560e-01
6.124678412430985264e-02
1.037757216505200919e+00
-1.088018536583914009e-01
-7.461977100233774252e-04
-5.603125117214718953e-02
-3.988328420938248575e-01
1.671490660527470196e+00
-1.227157405428925263e-01
3.626083338815699886e-02
1.565856717054156522e-02
-8.077441606083999304e-01
-4.736632500536130941e-03
1.280162992538873001e-01
1.383487468743150650e+00
-6.199527181852302338e-01
3.715696473724531268e-01
-1.056009471486020868e+00
1.086392883342043314e-01
1.697072656416517056e+00
-8.755430251278371045e-01
-1.802367688284237879e+00
1.017781544711245267e+00
3.624583875346580886e-01
-6.448640050864663520e-01
1.150544656908930152e+00
7.175670920179422207e-01
1.462308728644359679e+00
1.163298533166828852e-01
-5.803830718464220162e-02
7.703503514919265438e-01
1.424768264905363901e-01
1.837598850767154651e-02
-1.654909365573027091e-01
1.124688428447833566e+00
3.445537228766076820e-02
2.208221685048257665e+00
2.647246513908457777e-01
9.506890479830347740e-01
7.533221389209663332e-01
1.259634788593688270e+00
8.563379333448015718e-01
-6.114467993603363016e-01
3.004729236161703287e+00
1.265054397761888882e-02
1.797776491274576394e+00
-2.808120378772474002e-01
7.709343668120645088e-01
1.345872537980005390e+00
-2.454937583052786421e-01
1.634756319594504459e-01
-2.725978353759128114e-01
-8.685609911945185724e-01
5.929488853752702404e-01
-1.526846866826802707e+00
1.630345383438996043e+00
-1.950082636093268595e+00
1.050157080070221127e+00
-1.167317245195731656e+00
1.820279180686323883e+00
7.239394985313101216e-01
-3.027431244327605242e-01
-2.167948521964618291e-01
-1.983329526346369887e-01
6.314597611051423476e-01
-1.179413291047162193e+00
2.062056121924260577e-01
-8.750859793492539174e-01
2.285048491453219310e-01
7.167377207110455783e-01
2.503350538542882919e+00
4.624921077014346737e-01
-2.764266805844366459e-01
-3.212277040643614634e-01
-2.823898407140740252e-01
1.502083012968572051e+00
3.435046293975754783e-01
8.490538012433505033e-01
-6.391212263546069972e-02
1.308326978882402347e+00
-1.166916463224790590e+00
1.199242252419241428e+00
-2.981120861758340013e+00
-9.917022610577732600e-01
8.581179632973605642e-01
9.699155137064237042e-01
4.768933463300355502e-01
-5.134789700569667437e-01
