-4.294414552829155518e-01
8.043931183387766914e-01
-2.429145041817175610e-01
1.196209175468987418e-01
9.384854325835640942e-01
6.335254647054999744e-02
9.507602878942778002e-01
-1.921071139107279890e-01
-7.440597225795309022e-01
-9.488969290988606975e-01
-1.371480063406547156e-01
4.203929697309261027e-01
-3.901883796616467670e-01
-7.297332483127174640e-01
4.268211507660337745e-01
7.445901592348402875e-01
-7.982545571451926669e-02
5.739829429465388433e-01
-4.129079569689984019e-01
2.559329273714630038e-01
-2.240049575030693685e-01
3.377137951077908706e-01
-9.913791263554780908e-01
3.040313347021954549e-01
2.355805259838963384e-01
-2.719700151693762447e-01
7.386724453291813042e-01
8.241362511995791174e-01
3.004840105240087489e-01
8.645391112176226134e-01
-9.030950123448497902e-01
4.947001598605014205e-01
-1.252854956870903536e-01
-3.420751563323516375e-01
6.511161021919826819e-01
2.082511324307940725e-01
-4.997484196946067048e-01
4.723405721546716229e-01
-2.178816732069532858e-01
-9.550717448793584197e-01
3.932606455416682856e-01
-6.178737258679269928e-01
2.207887906195684646e-01
-2.466157747691664071e-01
-1.188256032146997043e-01
3.641429780100893243e-01
3.316507732529483388e-01
-9.240530513459592754e-01
-7.502587132003522008e-01
3.302708319269012094e-01
4.819458922070305462e-01
4.069449221930914184e-01
2.263012181037893367e-01
-5.367626183463625189e-02
9.615357216241213756e-01
2.597367905326215531e-01
-3.549671979898525453e-01
-6.065609406536884851e-01
9.230125456375979365e-01
9.925770705742504862e-01
4.416543178710672368e-01
-9.114829231777585861e-01
-3.564769206793574341e-01
4.243268362644558866e-01
8.460009404709765146e-01
3.741840389205304263e-01
-5.705592915223638428e-01
-4.723230382319956178e-01
-6.383447737670639999e-01
8.005003098324094957e-01
-2.124524328660508665e-01
-7.897528143268486289e-01
7.044594910006216626e-01
1.115292839683679205e-02
-7.677321043481284413e-01
-2.696428527021927923e-01
4.850201440635630856e-01
-5.829131981106145943e-01
6.891462782111188456e-01
-7.660451971791666370e-01
-2.830810252636501989e-01
-1.654219980296884884e-01
-6.077397989818995594e-01
-4.321263645608328652e-01
4.882444028810328795e-02
3.201528933813528877e-01
5.000547782883357772e-01
-4.670717159338024782e-01
9.083920589666996115e-01
-8.037223154571291328e-01
2.063479609324174735e-01
-3.376662357831077266e-01
7.798102158394584205e-01
-8.140579365200828477e-01
-7.064545898585568029e-01
-7.800629122115809722e-01
-8.574298598138296867e-03
-8.433479202329443591e-01
-2.262557203812505247e-01
2.852714951633306129e-02
-1.034663604833079287e-01
2.320546187576117969e-01
-3.292576974977126092e-01
-3.753046999559408459e-01
7.190419780721959420e-01
-7.958639539726994894e-01
-6.322423614148586779e-03
-5.765133714897019424e-02
7.319158596912049841e-01
-9.856308640480164751e-01
1.598182288679299567e-01
-6.478384656127351704e-01
-4.567210282627365281e-01
7.250664218561857499e-01
-9.619397021658961933e-01
2.931005746171011506e-01
-4.033952991527407494e-01
1.153428258999191769e-01
7.533607467263441215e-01
5.248317944893730047e-01
-7.559104112422583288e-01
8.601962329469399204e-01
8.449850419263300605e-01
-5.926957889221529108e-01
-3.834178290541099265e-01
9.213728489482877482e-01
-9.966570192946786477e-01
-6.852558212281292249e-01
9.521753587802854746e-01
9.918349102490611191e-01
5.600774126966234778e-01
-7.848763708778938586e-01
-6.420197160833613914e-01
-3.318604902865107675e-02
-3.148019136145472352e-01
-6.124205313626869263e-01
-9.021194279221775858e-01
2.709721189475544634e-05
-6.052563662362531183e-01
8.903311798866941906e-02
-4.532195744820983752e-01
-8.988251762133525613e-01
9.214930263566762925e-01
-8.388124105966603405e-01
-7.413246464710523398e-01
-6.977709088664885151e-02
-2.751015498535793746e-01
3.824432907443897633e-02
5.711487495869351783e-01
4.799199061694461310e-01
9.915028186896726048e-01
9.149352254397187245e-01
-9.775938732289723987e-02
7.584176154003132719e-01
-4.219758294096154216e-02
1.639907036776417915e-01
5.108881326002834289e-01
3.681548536807133232e-02
-2.373618562490515949e-01
4.589023048305365116e-01
-6.698259878742351958e-01
-3.373277768368792007e-01
-9.031872939699374658e-01
2.222206412579759149e-01
6.790405904229985801e-01
3.139759971915598857e-01
1.699037491979682457e-02
4.307472129686547024e-01
7.520991401089278661e-01
-7.547734861518107241e-01
-8.048165747886448784e-02
7.363071882181153605e-01
5.086681387962703749e-01
-2.752868107821035970e-01
-1.783606740999492679e-01
-5.219996862358309286e-01
9.044051995835329372e-01
-7.965554627626123541e-01
1.576220876923077885e-01
9.960154359243487132e-01
-1.833698046084195621e-01
9.800440417488205380e-01
-2.229026280873105392e-01
5.961898074421765337e-01
-5.270610221620279923e-01
6.830580967212400711e-01
-3.567333718129419573e-01
5.223955384344336483e-01
-8.382107578448882990e-02
-5.249578199657078947e-01
3.343276591612007742e-01
2.998126750993972411e-01
-9.482226615819870919e-01
-5.970854419239881583e-01
-1.849370087794908191e-01
6.115234767715933550e-01
7.311317928629172957e-01
-1.089958717823447110e-02
5.657313654663065350e-01
-6.467943503035833430e-01
-8.818607317984765714e-01
4.836084928145321093e-01
8.795371782359258095e-01
-4.759553439613088965e-01
1.626017262611045844e-01
-6.317214265107491400e-01
9.890843501707153873e-01
8.476878136286676302e-01
-4.744043010448533160e-01
-1.363778066974279390e-01
-2.086483294576386704e-01
-3.210984408485562103e-01
2.897365521770007835e-01
6.726079516261584956e-01
3.177486204412260928e-01
6.028818654780025987e-01
7.959752454356143758e-01
5.723240086941163707e-01
4.064522822995138007e-01
-6.130942635493727977e-01
5.879219929424872593e-01
-2.704289210126236132e-01
8.672523264990630310e-01
8.051308134684469486e-01
-4.391743953832687453e-01
-2.770981594330048647e-01
-5.687717523768800465e-01
-3.774396898603031847e-01
-2.223447911183253911e-01
-7.370375943346751946e-01
-2.881929602384851741e-01
7.172915629201426224e-01
3.455452177493580912e-01
-2.225674467292648728e-01
3.876400097732162209e-01
-6.113188335317596422e-01
9.002003799326718791e-01
7.513209727405940619e-01
7.804817802768231338e-01
-7.989306119772254799e-01
-5.061901744367431899e-01
-3.289403388240255133e-01
7.286212624463168641e-01
-5.201132287796650377e-01
3.222450708152619914e-01
-1.690702038399827245e-01
5.236480158312017963e-01
-8.666698942417649931e-02
6.950757282886665944e-01
-8.013495273284860776e-01
1.839105225572432722e-01
-8.675229768731693714e-01
8.161954158953204086e-01
-3.392454719388089401e-01
5.766306750112555335e-01
4.080569020462487817e-01
1.103098792499590530e-02
-4.309839947651337155e-01
-2.508830670058379564e-01
7.959893059771503410e-01
-5.297002495465921168e-01
-8.652159882988874617e-01
2.356304157691879730e-02
2.639727173322090614e-01
5.924916595472051739e-01
