
0 83.709304 4.559597 14.357581
1 83.709304 7.422957 14.511819
2 83.709304 10.130632 14.085702
3 83.709304 12.593721 13.008888
4 83.709304 13.296836 13.294758
5 83.709304 14.735418 12.874376
6 83.709304 15.634292 12.75307
7 83.709304 17.19585 12.093958
8 83.709304 19.667511 12.217722
9 83.709304 21.400305 11.211463
10 83.709304 21.622508 11.113598
11 83.709304 21.865697 12.951554
12 83.709304 21.608855 13.905313
13 83.709304 22.898163 12.455526
14 83.709304 24.337777 12.158706
15 83.709304 23.559263 12.956582
16 83.709304 24.522979 11.930707
17 83.709304 23.585668 13.063883
18 83.709304 23.876683 12.583163
19 83.709304 24.893027 11.750183
20 83.709304 24.31844 12.253299
21 83.709304 23.465448 13.13868
22 83.709304 22.212658 14.677658
23 83.709304 23.375612 13.63966
24 83.709304 24.030339 12.932768
25 83.709304 23.100042 13.761929
26 83.709304 22.826777 14.393558
27 83.709304 24.773319 12.230841
28 83.709304 22.905201 14.154033
29 83.709304 23.899903 13.154068
0 30.188859 -0.58217 8.258194
1 30.188859 3.936234 10.648461
2 38.785392 6.993144 11.181253
3 38.888533 10.766228 10.688582
4 38.888533 13.439729 10.038911
5 38.888533 16.478248 8.675083
6 38.888533 18.589269 7.307783
7 38.888533 19.955105 6.684125
8 38.888533 21.665881 5.345393
9 38.888533 22.265953 4.241074
10 47.170206 22.372703 5.673885
11 47.170206 21.646465 6.547616
12 47.170206 21.994975 5.90344
13 47.170206 22.181274 6.714328
14 47.170206 22.641235 6.06594
15 47.170206 22.625003 6.47157
16 47.170206 22.426471 6.508441
17 47.170206 22.066946 7.152766
18 55.905765 22.252183 8.385942
19 55.905765 23.057616 7.306362
20 55.905765 21.93049 9.251695
21 55.905765 22.072928 10.005337
22 55.905765 22.776695 8.659264
23 55.905765 22.06402 9.540587
24 55.905765 23.679352 7.269854
25 55.905765 23.326511 8.067354
26 55.905765 23.121267 8.546749
27 55.905765 24.032408 8.065495
28 55.905765 24.918835 7.094066
29 55.905765 24.561881 7.783735
0 56.159453 2.66503 11.6072
1 56.159453 5.167614 12.053641
2 56.159453 8.484696 12.026451
3 56.159453 11.715411 11.371156